10
4 3
3 8
6 5
9 4
2 1
8 9
5 0
7 2
6 1
1 0
6 7

QF

     i    0  1  2  3  4  5  6  7  8  9
--------------------------------------
 id[i]    1  1  1  8  8  1  1  1  8  8

QU

10
4 3
3 8
6 5
9 4
2 1
5 0
7 2
6 1
7 3

    i     0  1  2  3  4  5  6  7  8  9
--------------------------------------
 id[i]    1  1  1  8  3  0  5  1  8  8

QU-I

10
4 3
3 8
6 5
9 4
2 1
5 0
7 2
6 1
7 3

    i     0  1  2  3  4  5  6  7  8  9
--------------------------------------
 id[i]    6  2  6  4  6  6  6  2  4  4
 
 QU-I-PC
 
 10
4 3
3 8
6 5
9 4
2 1
5 0
7 2
6 1
7 3
 
     i     0  1  2  3  4  5  6  7  8  9
--------------------------------------
 id[i]    6  2  6  4  6  6  6  6  4  4
 sz[i]    1  1  3  1  4  1  10  1  1  1

